{'batch_size': 128,
 'beta_KL': 3,
 'c1': 0,
 'c2': 0,
 'color': {'A2C_loss': (0.4, 0.7607843137254902, 0.6470588235294118),
           'adaptative_KL_loss': (0.9882352941176471,
                                  0.5529411764705883,
                                  0.3843137254901961),
           'clipped_loss': (0.5529411764705883,
                            0.6274509803921569,
                            0.796078431372549)},
 'd_targ': 1,
 'env': 'CartPole-v1',
 'epoch': 1,
 'epochs': 4,
 'eps_clipping': 0.2,
 'gamma': 0.99,
 'lambda': 1,
 'loss_name': 'A2C_loss',
 'lr': 0.001,
 'max_episodes': 1200,
 'max_steps': 300,
 'optimize_every': 2048,
 'reward_norm': 0,
 'seed': 42,
 'solved_reward': {'CartPole-v1': 300,
                   'LunarLander-v2': 230,
                   'MountainCar-v0': 300,
                   'MountainCarContinuous-v0': 300},
 'std': 0.001}